<?xml version="1.0"?>
<opencv_storage>
<Distortion_cam2 type_id="opencv-matrix">
  <rows>8</rows>
  <cols>1</cols>
  <dt>d</dt>
  <data>
    4.4211221454003917e+00 -2.6546307008495615e+00
    -3.1122545421045076e-04 -2.1641561503882664e-05
    4.4265611366565247e+00 4.8326392768563364e+00
    -1.4277502137585050e+00 4.4186869147790642e+00</data></Distortion_cam2>
</opencv_storage>
