<?xml version="1.0"?>
<opencv_storage>
<Distortion_cam1 type_id="opencv-matrix">
  <rows>8</rows>
  <cols>1</cols>
  <dt>d</dt>
  <data>
    2.3391545098327335e-01 2.8365624407135092e-02
    -3.1808400930972053e-04 -1.1533401319632731e-05
    -3.3799432637154969e-01 6.0665186120406422e-01
    4.0939864257321740e-02 -4.0462678766649829e-01</data></Distortion_cam1>
</opencv_storage>
