<?xml version="1.0"?>
<opencv_storage>
<Fundamental_matrix type_id="opencv-matrix">
  <rows>3</rows>
  <cols>3</cols>
  <dt>d</dt>
  <data>
    2.0372300596404464e-09 1.6348097851555890e-06
    -4.3984965215085987e-04 5.4816869674888475e-07
    2.3310066388065858e-07 2.2736967903887950e-01
    -4.3101536635703822e-04 -2.2880483545205399e-01
    9.9999999999999989e-01</data></Fundamental_matrix>
</opencv_storage>
