<?xml version="1.0"?>
<opencv_storage>
<Intrinsics_cam2 type_id="opencv-matrix">
  <rows>3</rows>
  <cols>3</cols>
  <dt>d</dt>
  <data>
    6.1104002640264150e+02 0. 3.1357043891242961e+02 0.
    6.1130211682222250e+02 2.3090446351643178e+02 0. 0. 1.</data></Intrinsics_cam2>
</opencv_storage>
