<?xml version="1.0"?>
<opencv_storage>
<Intrinsics_cam1 type_id="opencv-matrix">
  <rows>3</rows>
  <cols>3</cols>
  <dt>d</dt>
  <data>
    6.0927728691674531e+02 0. 3.1760283891323138e+02 0.
    6.0958148765835961e+02 2.3299885802704870e+02 0. 0. 1.</data></Intrinsics_cam1>
</opencv_storage>
