<?xml version="1.0"?>
<opencv_storage>
<Translation_vector type_id="opencv-matrix">
  <rows>3</rows>
  <cols>1</cols>
  <dt>d</dt>
  <data>
    -6.5188346038775054e+00 -1.6510907219247299e-03
    -2.8532107951335775e-02</data></Translation_vector>
</opencv_storage>
