<?xml version="1.0"?>
<opencv_storage>
<Disp2depth_matrix type_id="opencv-matrix">
  <rows>4</rows>
  <cols>4</cols>
  <dt>d</dt>
  <data>
    1. 0. 0. -3.1267457580566406e+02 0. 1. 0. -2.2905492782592773e+02 0.
    0. 0. 6.0958148765835961e+02 0. 0. -1.5340017814869444e-01 0.</data></Disp2depth_matrix>
</opencv_storage>
