<?xml version="1.0"?>
<opencv_storage>
<Projection_matrix_cam2 type_id="opencv-matrix">
  <rows>3</rows>
  <cols>4</cols>
  <dt>d</dt>
  <data>
    6.0958148765835961e+02 0. 3.1267457580566406e+02
    -3.9737990856013071e+03 0. 6.0958148765835961e+02
    2.2905492782592773e+02 0. 0. 0. 1. 0.</data></Projection_matrix_cam2>
</opencv_storage>
